First 500 examples - class1; next 500 examples - class 2 and the last 500 examples - class3.
0.194597 0.479090 
0.136626 0.540135 
1.155159 0.982728 
1.710516 1.021271 
1.943185 0.487639 
0.498874 0.756141 
1.088551 1.019807 
1.418463 0.869920 
2.279587 0.582003 
1.246581 1.028924 
-0.226036 0.376703 
2.169189 0.648587 
1.277598 1.106632 
0.327137 0.794693 
0.152283 0.756129 
2.436719 -0.023827 
1.815197 0.874031 
1.779713 0.786713 
2.386994 0.205883 
1.286560 1.177823 
1.947549 0.605225 
0.696442 1.051374 
-0.031276 0.514575 
2.177444 0.369971 
-0.050420 0.222452 
1.117292 1.116186 
-0.190568 0.125016 
1.645090 0.832575 
2.168153 0.685312 
1.559986 0.941650 
2.228790 0.547056 
1.633228 0.908721 
1.223042 0.938077 
2.335266 0.065545 
-0.133739 -0.048659 
-0.214103 0.190118 
0.562141 0.750204 
2.392696 0.264297 
1.351553 0.997196 
1.150955 0.931083 
1.304750 0.911766 
1.470109 0.964672 
1.842225 0.584040 
-0.117167 -0.121728 
1.735599 0.737662 
0.608102 0.922031 
0.627404 0.901214 
0.419955 0.766484 
2.156469 0.537574 
-0.092102 0.376139 
2.420380 -0.012310 
1.993397 0.584809 
1.187692 1.063596 
0.345992 0.853774 
0.439584 0.762489 
2.271015 0.140830 
-0.338368 -0.103219 
0.644226 0.770053 
2.025293 0.592792 
2.390417 0.030273 
-0.205454 -0.206699 
1.869734 0.895766 
2.498546 0.098663 
0.851103 0.862322 
-0.258373 0.204300 
1.361124 0.867822 
2.570117 -0.019549 
1.698220 0.793057 
2.342072 -0.212608 
0.490391 0.899367 
0.453477 0.976473 
0.968259 1.095768 
2.285372 -0.263359 
2.378182 0.226759 
0.459093 0.821444 
0.329079 0.612224 
1.895748 0.823317 
2.357481 -0.115330 
2.495585 0.217265 
1.831950 0.861128 
2.191162 0.314307 
0.477320 0.719809 
0.386535 0.714320 
1.623202 0.967391 
0.751486 1.050419 
0.020338 0.719253 
-0.155948 -0.276873 
1.584107 0.941645 
2.200151 0.547540 
1.271591 0.935572 
2.060501 0.479452 
-0.132253 -0.182083 
1.627784 0.788755 
2.147367 0.484803 
1.925238 0.766920 
0.133669 0.392610 
1.829822 0.610584 
1.173389 1.044998 
2.393446 0.174109 
2.403130 -0.214353 
2.375219 0.253807 
0.095046 0.782152 
0.662534 0.926385 
0.215761 0.528311 
-0.194713 -0.270632 
2.275319 0.337889 
1.840857 0.729323 
2.455464 -0.175340 
1.355069 1.040722 
1.513653 1.035379 
-0.006477 0.299496 
0.408927 0.892651 
0.027225 0.558718 
-0.239550 -0.173207 
-0.186085 0.240406 
0.419773 0.885964 
2.234702 0.069973 
-0.324843 -0.190716 
2.319415 -0.189829 
0.375583 0.717995 
2.336911 0.133687 
1.884178 0.749855 
1.509361 0.823360 
2.460512 0.020990 
2.400720 -0.274876 
-0.112075 -0.219753 
0.896237 0.930857 
0.096207 0.462889 
1.388309 0.985077 
-0.043656 0.404706 
0.029797 0.651898 
2.119594 0.618371 
0.823861 0.929849 
0.113438 0.499488 
1.898409 0.751378 
-0.018918 0.076383 
1.041385 0.932117 
1.497063 0.936770 
2.391652 0.170022 
2.358301 0.399367 
-0.365333 -0.250157 
0.087727 0.519306 
2.356859 -0.241483 
0.037512 0.743334 
2.145647 0.368477 
0.012081 0.399883 
0.534775 0.779705 
-0.266081 0.152200 
0.308811 0.889493 
0.413124 0.988766 
1.107664 0.934041 
1.906957 0.898282 
1.856625 0.807275 
1.917147 0.576172 
1.227594 0.879820 
2.303196 -0.085140 
0.822712 1.048314 
2.235967 0.258456 
0.749523 1.127167 
1.212534 1.173718 
2.571144 -0.210341 
2.162336 0.202858 
-0.162296 0.094801 
2.411041 -0.085626 
0.400086 0.908320 
1.646189 0.754431 
0.494445 0.800082 
0.342943 0.730840 
2.271048 -0.207461 
1.072537 0.858228 
2.254311 0.431861 
2.339359 0.013921 
1.352041 0.912156 
0.008385 0.499492 
0.067175 0.688618 
2.298329 0.090914 
2.297849 0.527987 
2.370997 -0.259158 
1.828742 0.999000 
1.236058 1.050049 
2.113753 0.748004 
2.117559 0.342899 
0.192366 0.605376 
2.221380 0.132071 
0.281989 0.706900 
2.074819 0.550149 
-0.292352 -0.059801 
0.757127 0.999635 
0.322645 0.680360 
0.037806 0.531585 
1.060962 0.925746 
-0.100386 -0.048371 
-0.290717 0.175610 
0.273530 0.918570 
0.441994 0.755274 
0.579425 0.754724 
2.069092 0.321366 
1.046002 0.975604 
2.368994 -0.139536 
1.064458 0.917922 
0.331616 0.880199 
2.415430 -0.246048 
2.476019 -0.235342 
0.624055 0.805667 
2.445178 0.336244 
-0.183906 0.013599 
2.276822 0.549354 
2.249605 0.422259 
0.481048 1.007044 
1.768129 0.743707 
0.910168 1.165783 
1.939357 0.942312 
1.493195 0.911847 
0.554659 0.884392 
2.242258 0.522609 
1.978660 0.645778 
1.733767 0.684205 
1.906005 0.768214 
-0.361930 -0.161682 
1.465674 0.940389 
0.754535 1.116077 
0.213601 0.573170 
-0.258076 0.216290 
2.143781 0.547739 
1.044254 1.104869 
1.750481 0.713141 
1.316748 1.140571 
2.134063 0.208999 
2.485154 0.227714 
1.099943 1.197661 
0.033537 0.290693 
-0.149611 0.091737 
-0.110113 0.479238 
1.293170 0.838228 
0.229227 0.778333 
1.988633 0.489903 
0.057883 0.293873 
2.090132 0.457715 
2.187556 0.266205 
0.665490 0.986902 
2.584647 -0.201576 
-0.362009 0.033076 
2.207768 0.531928 
2.033823 0.543629 
-0.065485 0.605639 
1.607051 0.807841 
1.543251 0.858149 
2.053024 0.774896 
2.464613 -0.003183 
-0.039860 0.412315 
1.048008 1.163840 
2.253606 -0.122637 
-0.115685 0.513653 
1.217023 1.146829 
-0.299412 -0.121080 
0.740175 0.797649 
2.573010 -0.152152 
0.106276 0.776914 
2.375592 -0.040451 
2.295226 -0.295745 
2.311753 0.012675 
1.233260 1.054554 
-0.073297 -0.189479 
1.957241 0.877100 
2.311646 0.262782 
0.261862 0.682913 
1.865831 0.702980 
2.416297 -0.015251 
2.265320 0.400596 
1.494840 1.091341 
2.131914 0.477595 
2.307922 0.082629 
2.365949 0.321910 
1.176442 0.905413 
-0.310976 0.034471 
1.344635 0.916009 
-0.129835 0.474987 
1.878628 0.714580 
0.789524 0.982551 
1.997155 0.804273 
0.281532 0.649299 
2.045696 0.611669 
0.400758 0.915991 
1.143897 0.914440 
0.585585 0.934970 
-0.240939 -0.167056 
2.365112 0.454074 
2.323184 0.385574 
0.086707 0.753854 
2.198378 0.266352 
1.333233 1.167509 
1.346356 0.959571 
0.338150 0.835998 
0.035270 0.219011 
2.508077 -0.060415 
-0.038601 0.195362 
0.182929 0.507855 
2.288368 0.349554 
0.340192 0.828884 
0.355578 0.752358 
-0.307077 -0.115525 
1.789902 0.725421 
2.542184 0.037777 
2.549602 -0.074587 
0.494290 0.737197 
1.511160 0.795498 
1.007319 0.885967 
1.878115 0.649427 
-0.187360 0.453528 
-0.084014 -0.202915 
1.016576 0.906833 
0.149366 0.531738 
2.227586 0.215691 
0.151535 0.375876 
-0.042411 -0.121954 
1.899860 0.821026 
0.910616 0.991231 
0.808324 0.859858 
0.387624 0.900721 
1.599208 0.774788 
1.056737 1.003543 
-0.038274 0.178577 
1.333050 0.920484 
-0.089658 0.099229 
1.917839 0.748437 
2.306676 0.053150 
1.865319 0.783793 
1.505150 0.785016 
2.007997 0.764080 
0.228034 0.744404 
2.387379 0.320171 
0.968675 1.183235 
-0.111802 0.193665 
1.850241 0.946301 
2.208209 0.490332 
2.194515 0.329397 
1.535725 1.076516 
1.409366 0.858433 
1.275354 1.083935 
-0.306111 -0.254022 
1.844472 0.680395 
0.690240 0.845066 
-0.181881 0.251596 
0.457376 0.810814 
-0.238150 -0.163064 
1.175692 1.141179 
-0.361420 -0.141718 
1.439423 1.016960 
2.021779 0.447631 
2.190210 0.419140 
0.079982 0.670682 
1.997295 0.638198 
2.051256 0.837500 
0.680623 1.118696 
1.070762 1.121578 
2.347971 -0.030271 
-0.070886 -0.262579 
2.286092 0.596040 
2.005182 0.827996 
0.309299 0.790149 
2.221020 0.645935 
-0.010088 0.660834 
2.420814 0.008876 
2.229028 0.591030 
2.096836 0.721854 
-0.165317 0.178280 
0.804018 0.901565 
2.300089 0.382407 
1.678081 0.936452 
0.228696 0.808340 
-0.220502 0.277619 
1.169611 1.111386 
1.580822 0.961432 
-0.067551 0.555655 
0.659494 0.970224 
0.456911 0.921820 
2.365031 -0.081688 
0.513865 0.876133 
1.106231 0.954180 
0.963000 1.003200 
1.004607 1.168839 
-0.232565 -0.197790 
0.790850 1.005885 
-0.277061 0.283435 
1.014090 1.042013 
-0.056271 0.615792 
2.253743 0.609035 
0.164634 0.435210 
2.292191 -0.229084 
1.037202 1.067869 
-0.369646 -0.018603 
2.014618 0.755032 
1.469914 0.971679 
-0.057476 0.173999 
1.032914 1.037826 
1.730283 0.699422 
1.901666 0.755928 
2.335965 0.249653 
2.099268 0.555934 
1.271314 0.921093 
2.396314 0.412606 
0.063954 0.507996 
-0.222325 0.403654 
2.145965 0.247366 
1.610074 0.894704 
0.817753 1.142572 
2.314569 -0.191204 
2.118969 0.782511 
0.463352 0.994322 
2.304523 0.478370 
-0.075008 0.127774 
0.385791 0.994106 
2.175167 0.695326 
1.578078 1.110568 
2.479808 -0.215322 
0.181116 0.574330 
1.002512 0.918606 
0.933228 1.172526 
2.238198 0.475412 
0.321957 0.666266 
-0.351520 0.064971 
1.666223 0.822016 
-0.132942 0.525934 
1.444187 0.998266 
0.242681 0.611532 
-0.364270 -0.178796 
1.962457 0.733025 
1.857223 0.828895 
1.756293 0.946532 
0.028285 0.171581 
1.590559 0.789496 
2.394101 -0.182706 
2.081836 0.357038 
0.719321 0.935873 
1.072669 1.021794 
2.141276 0.592153 
0.675257 0.822491 
0.589883 0.937670 
1.675900 0.718096 
2.402213 -0.103641 
0.175742 0.607040 
1.119587 0.945843 
0.827712 1.018874 
1.671111 0.997778 
1.660144 0.950712 
-0.307210 0.152580 
2.528825 -0.006015 
2.036160 0.527624 
1.448338 0.898448 
0.461934 0.874000 
0.513295 1.044319 
0.207865 0.474330 
0.076526 0.440405 
0.140101 0.687966 
2.148792 0.508145 
2.420419 0.088697 
2.268616 0.184322 
1.409867 1.055217 
1.222559 1.139738 
2.367350 0.167251 
2.096779 0.707683 
2.253735 0.397621 
-0.328300 0.048438 
1.290964 0.987024 
0.356950 0.861224 
-0.285621 0.268009 
2.048205 0.435442 
2.275703 -0.194134 
2.502423 -0.273979 
-0.041766 -0.015991 
1.933614 0.826316 
-0.120829 0.198947 
0.147194 0.393142 
2.214859 0.627503 
1.932552 0.833775 
1.046069 1.023116 
2.379411 0.482882 
1.128370 1.099487 
2.505866 -0.096120 
1.764328 0.948676 
-0.072751 0.507736 
0.415809 0.904754 
1.673231 1.046793 
0.063373 0.566066 
2.173269 0.310935 
-0.072271 -0.299064 
1.836310 0.713823 
0.386626 0.818196 
1.471664 1.140993 
0.949530 0.910037 
2.312516 0.191074 
2.147601 0.724072 
2.218505 0.218716 
2.182437 0.280295 
2.287732 -0.228316 
2.408763 0.198164 
1.133366 1.175833 
2.366507 -0.256314 
2.371702 0.306087 
0.183698 0.399786 
0.851678 -0.442217 
-1.588515 -1.026552 
0.545225 -0.998472 
0.480179 -0.692945 
0.506940 -0.864976 
0.713139 -0.286126 
-1.515548 -1.086420 
-1.821881 -0.299018 
0.881589 -0.012717 
-1.797866 -0.546338 
-0.140339 -1.220564 
-0.556614 -1.472881 
0.657005 -0.307432 
-1.415749 -0.842209 
-1.016938 -1.203984 
-0.956049 -1.213578 
0.684984 -0.903348 
-1.700493 -0.449453 
-0.924897 -1.426447 
0.014502 -1.094097 
-0.493442 -1.326021 
-1.704802 -0.500378 
-0.070355 -1.209026 
-1.618147 -0.517395 
-1.292349 -1.140985 
-0.910299 -1.276374 
-0.833358 -1.253504 
-1.311385 -1.260958 
-0.725206 -1.461193 
-0.217137 -1.378066 
0.856686 -0.171726 
-1.163066 -1.254043 
0.762074 -0.414293 
-1.877804 -0.044481 
0.882886 -0.166689 
-0.252380 -1.153362 
0.702823 -0.592414 
-0.806118 -1.243662 
-0.827732 -1.211968 
-1.210613 -0.957215 
-1.343614 -1.037210 
0.521063 -0.879501 
0.547317 -0.812676 
-0.528611 -1.201896 
-0.397712 -1.371226 
-0.277711 -1.321226 
-1.420607 -1.058140 
-0.380785 -1.371196 
0.697892 -0.769081 
0.783393 -0.728000 
0.738817 -0.674023 
-1.672494 -0.442348 
-1.587421 -0.602967 
-1.733929 -0.132582 
-1.545636 -0.690414 
-1.671370 -0.556575 
0.218106 -1.142319 
0.268544 -0.954437 
0.810776 -0.149293 
0.678892 -0.146587 
-0.309061 -1.271961 
-1.385542 -1.182861 
0.791516 -0.100926 
-0.051712 -1.386617 
-1.694227 -0.060194 
0.835771 -0.634785 
-0.160724 -1.454453 
-0.172797 -1.350574 
0.269112 -1.268790 
-0.230000 -1.199803 
-1.698900 -0.862774 
0.650171 -0.298372 
0.927176 -0.147244 
0.773311 -0.510468 
0.249152 -0.938995 
0.666402 -0.279319 
-0.877574 -1.402316 
-1.548092 -0.927886 
0.414146 -0.774066 
-1.910639 -0.159806 
0.641245 -0.315632 
-1.764895 -0.352140 
0.834568 -0.380013 
-0.555161 -1.265942 
0.181203 -1.224247 
-0.932868 -1.239326 
-1.402628 -1.156663 
-1.305345 -1.065755 
-1.716953 -0.074252 
-1.034929 -1.268700 
0.746806 -0.143244 
-0.199326 -1.135543 
-1.707813 -0.483779 
-0.045239 -1.265353 
-0.955998 -1.145505 
0.467222 -0.633095 
-0.342877 -1.262277 
-0.919621 -1.104308 
-0.287294 -1.353828 
-0.625919 -1.358963 
-0.598625 -1.366962 
-1.807313 -0.093935 
-0.217625 -1.305692 
-0.363680 -1.399905 
0.073395 -1.376218 
-1.598690 -0.741135 
-0.691725 -1.452396 
-1.651363 -0.898744 
0.658726 -0.351400 
0.853531 -0.473465 
0.395148 -0.952986 
-0.957769 -1.290541 
0.364549 -1.172840 
-1.771691 -0.220257 
-1.854795 -0.142621 
-0.886155 -1.416699 
-1.986585 -0.064649 
0.951719 -0.062858 
-1.640594 -0.199532 
-0.101567 -1.333697 
-1.715709 -0.429844 
-1.207416 -1.249869 
-1.948318 -0.364137 
-1.349699 -1.068444 
-1.798820 -0.430809 
0.552359 -0.953728 
0.271543 -0.941764 
-1.913848 -0.154834 
-1.193593 -1.115449 
0.912334 -0.043996 
-0.038289 -1.301446 
-0.236106 -1.414625 
0.748794 -0.344376 
0.016384 -1.314059 
-0.782909 -1.255312 
-1.774044 -0.186531 
-0.363874 -1.406994 
-1.157287 -1.174959 
-0.012470 -1.376348 
-0.469186 -1.366041 
0.028662 -1.335073 
-1.017465 -1.153319 
0.668140 -0.093641 
-1.057948 -1.102204 
-1.928763 -0.391962 
0.475307 -0.851186 
-1.309203 -1.129601 
-0.182618 -1.293348 
-0.540869 -1.348615 
-1.261269 -1.207134 
-0.514631 -1.197696 
0.381371 -1.100564 
-0.750139 -1.374021 
-1.481905 -0.655306 
-0.101827 -1.283331 
0.548788 -0.485272 
-1.354666 -1.135634 
0.229220 -1.095820 
0.535087 -0.724259 
0.357488 -0.902675 
0.475836 -1.005433 
-1.028163 -1.205578 
-1.030244 -1.330393 
0.475161 -1.118745 
-1.382817 -1.179011 
0.558434 -0.469612 
-0.484339 -1.425607 
0.445897 -0.727105 
-0.637851 -1.162670 
-1.066877 -1.382461 
0.645821 -0.350141 
0.783945 -0.013373 
0.477397 -0.962208 
-1.801351 -0.517554 
0.536296 -0.659885 
0.812577 -0.703878 
0.553309 -1.028943 
0.673931 -0.368067 
-0.920391 -1.406358 
-0.004024 -1.173666 
0.032541 -1.291710 
0.709173 -0.456106 
0.778255 -0.419773 
-0.998485 -1.414685 
-0.631890 -1.419606 
0.162846 -0.944040 
0.041988 -1.366584 
0.868406 -0.178069 
0.256805 -0.891435 
0.465518 -0.852924 
-1.074876 -1.132932 
-0.503674 -1.288205 
-1.544445 -0.933594 
0.381040 -1.172991 
0.458702 -0.719904 
-0.013317 -1.141456 
-0.544597 -1.366719 
-0.121084 -1.303157 
0.652517 -0.375262 
0.251385 -1.043166 
-0.215915 -1.345603 
-1.205559 -0.929971 
0.436143 -0.714137 
-0.927349 -1.400647 
-1.897457 -0.259639 
-0.888031 -1.288181 
0.757425 -0.587706 
0.631712 -0.978694 
-1.640481 -0.928373 
-1.655173 -0.521984 
-1.276658 -1.092346 
-0.435344 -1.271833 
-1.165408 -1.015044 
0.735009 -0.696790 
0.667726 -0.496496 
-0.591387 -1.313914 
0.704858 -0.081517 
-1.387566 -0.756170 
-1.119329 -1.083287 
-1.683389 -0.151681 
0.682710 -0.406164 
-0.961094 -1.111673 
-1.736277 -0.103806 
-1.327326 -1.012772 
-0.674142 -1.272215 
-1.534279 -0.507207 
-1.733881 -0.333252 
-1.700080 -0.346642 
-1.047963 -1.214259 
0.583807 -0.683037 
-0.324432 -1.260251 
0.075270 -1.233076 
0.719060 -0.217607 
-0.200411 -1.369572 
-0.473133 -1.320476 
-1.692291 -0.889735 
-1.740223 -0.452389 
0.742353 -0.373332 
-1.579814 -0.622406 
0.699955 -0.175451 
-1.695863 -0.179354 
-1.340427 -1.200488 
-1.323338 -1.066241 
-1.721183 -0.164823 
0.943109 -0.021112 
0.287580 -1.265746 
-1.674756 -0.737888 
-1.491109 -1.089706 
-0.746433 -1.335035 
-1.458706 -0.770617 
-0.790309 -1.425303 
-1.857348 -0.302797 
-0.835629 -1.298857 
-1.159918 -1.243477 
-1.658743 -0.551632 
0.618484 -0.944211 
0.574808 -0.902222 
0.076471 -1.208895 
0.771479 -0.172343 
-0.877733 -1.438700 
-0.275334 -1.267707 
0.611531 -0.480342 
-1.793810 -0.022583 
-1.681088 -0.355315 
0.205215 -1.235617 
0.038478 -1.395844 
-1.673059 -0.698721 
-1.243571 -1.152783 
0.443384 -0.892920 
-1.033461 -1.117784 
-1.504347 -0.941974 
-1.597416 -0.917388 
-1.864025 -0.603229 
0.717854 -0.478978 
-1.757606 -0.664600 
-1.628524 -0.480438 
-0.419387 -1.217804 
0.826842 -0.591954 
-0.293560 -1.459932 
0.759733 -0.240623 
-0.787520 -1.405148 
0.292077 -0.890485 
-1.640866 -0.505128 
0.726270 -0.049656 
0.925062 -0.292419 
0.747393 -0.096146 
-1.559829 -0.544329 
-1.656876 -0.628931 
0.766290 -0.699783 
-1.737613 -0.808846 
-1.241256 -0.921850 
-1.087852 -1.183540 
-0.391975 -1.368036 
-1.683867 -0.516081 
0.475764 -1.041596 
0.693591 -0.668104 
-1.669017 -0.257010 
0.570101 -0.963340 
-1.595690 -0.734113 
-1.931398 -0.176347 
-1.417156 -0.838161 
-1.413756 -1.022637 
0.703196 -0.416668 
0.508085 -0.850671 
0.738690 -0.342896 
0.872777 -0.164019 
0.297594 -0.955244 
-1.834303 -0.168995 
-1.812352 -0.050190 
0.502667 -0.605103 
-0.861078 -1.145046 
-0.146651 -1.284119 
-0.402146 -1.365195 
-1.476966 -0.776631 
0.040618 -1.221655 
-1.693116 -0.334651 
0.317947 -0.998864 
-1.768646 -0.790200 
0.207101 -0.913626 
-1.784999 -0.769476 
-1.019122 -1.401200 
-0.303701 -1.323302 
0.527422 -0.986729 
-0.683422 -1.235749 
-1.035740 -1.043072 
0.746764 -0.390066 
-0.616695 -1.272116 
-0.708860 -1.454483 
-1.946815 -0.028245 
0.161876 -1.171805 
-1.476550 -1.025776 
-1.663341 -0.028982 
0.866620 -0.407705 
-0.916737 -1.270934 
-0.548461 -1.357370 
0.466841 -0.700963 
-1.691336 -0.059452 
0.687265 -0.232822 
0.451243 -0.786422 
-0.776053 -1.340366 
-1.426866 -0.705921 
0.823273 -0.437472 
-0.586907 -1.451365 
-1.785555 -0.581598 
0.135062 -0.993830 
0.264746 -0.908670 
0.470372 -0.663482 
0.452042 -1.050840 
0.874259 -0.519631 
0.595248 -0.802376 
0.645513 -0.361517 
-0.235552 -1.238358 
0.493208 -0.651119 
0.445139 -1.122038 
0.345404 -0.876954 
0.911526 -0.429600 
-0.746089 -1.242641 
-0.776693 -1.144544 
0.322117 -1.086095 
-0.144526 -1.360288 
-1.692743 -0.180424 
-0.320165 -1.168462 
0.676631 -0.514054 
-0.353560 -1.322415 
-0.089472 -1.380294 
0.613660 -0.929003 
0.250368 -1.084289 
-1.833233 -0.608598 
0.745857 -0.273613 
-0.871640 -1.181180 
0.227191 -0.893022 
0.864229 -0.372876 
-0.822329 -1.188306 
0.781977 -0.141170 
-1.964613 -0.087462 
-0.461092 -1.151398 
0.286618 -0.956880 
-1.919139 -0.191036 
0.451702 -1.154872 
-1.754428 -0.729071 
-0.113994 -1.109495 
-1.669547 -0.129185 
0.790735 -0.365804 
-1.349799 -1.164116 
-1.145844 -1.155117 
-1.640677 -0.415964 
-1.892378 -0.056366 
0.674553 -0.832798 
-1.962189 -0.058639 
0.189646 -0.995793 
-1.908438 -0.084775 
0.383241 -0.852910 
-1.749793 -0.765893 
0.370483 -1.215881 
-0.293847 -1.198057 
0.706328 -0.540838 
-0.393837 -1.368400 
0.591263 -0.805586 
-1.807165 -0.417671 
0.753550 -0.199374 
-1.857189 -0.228444 
-1.534680 -0.833182 
-1.583891 -0.761365 
-1.290669 -0.959699 
-1.819907 -0.376483 
-0.214265 -1.313810 
0.848441 -0.250975 
-0.151193 -1.348260 
0.800129 -0.526541 
0.650012 -0.255161 
0.777730 -0.761501 
-1.773341 -0.752126 
-0.732802 -1.199311 
0.545372 -1.025459 
-0.232030 -1.179946 
-1.636515 -0.296875 
0.614343 -0.299350 
0.108469 -1.280840 
-1.562503 -0.829636 
-0.440726 -1.308435 
0.208130 -1.142653 
-1.655447 -0.126953 
-1.469864 -1.083176 
-0.232026 -1.468930 
-0.412343 -1.167521 
-1.106197 -1.119477 
-0.483827 -1.163173 
0.140153 -0.968830 
-0.844671 -1.377893 
-1.727260 -0.221082 
-0.102855 -1.300149 
0.912850 -0.336484 
-1.688757 -0.276257 
-1.854320 -0.149764 
0.456555 -0.722311 
-1.476538 -0.782364 
0.441375 -0.917632 
-0.411193 -1.450780 
-0.472366 -1.370535 
-1.580478 -0.878439 
-1.547451 -0.767108 
-0.408754 -1.260116 
-1.252575 -1.291014 
-0.816558 -1.200698 
-1.744923 -0.406010 
0.121702 -1.267674 
-1.506079 -0.594902 
0.616670 -0.328981 
-1.139336 -1.284697 
-0.295037 -1.178773 
-1.427523 -0.761424 
-1.680718 -0.438657 
0.831218 -0.272325 
-1.117226 -1.109116 
0.852414 -0.370293 
-1.193738 -1.049870 
0.927746 -0.456738 
-1.941947 -0.308575 
-0.295596 -1.363184 
0.218501 -1.004904 
-0.057515 -1.241378 
-1.286127 -0.848249 
0.134775 -1.174190 
0.858206 -0.036860 
0.765014 -0.232126 
0.145882 -1.300367 
-0.253989 -1.446231 
0.352436 -0.878957 
-0.460773 -1.354756 
-0.136003 -1.316928 
-1.137783 -1.327172 
0.234106 -1.092916 
-0.962937 -1.158549 
-0.139010 -1.173703 
0.966124 -0.125544 
-1.733212 -0.761838 
0.895818 -0.267460 
-1.060483 -1.227906 
0.778829 -0.039786 
0.000418 -1.259814 
0.504867 -1.021210 
-1.975037 -0.018757 
-0.198332 -1.358395 
-1.499122 -0.707969 
-1.902635 -0.204053 
-1.870484 -0.149910 
0.886759 -0.316930 
-0.801600 -1.123607 
-1.106946 -0.988964 
0.649916 -0.279613 
0.612614 -0.407390 
0.356348 -1.127527 
0.689183 -0.895996 
0.291205 -0.892338 
-0.639753 -1.490476 
-0.735832 -1.352351 
-0.976557 -1.190218 
-1.565508 -0.474396 
0.097955 -1.088428 
0.743088 -0.337884 
4.351678 -0.442217 
1.911485 -1.026552 
4.045225 -0.998472 
3.980179 -0.692945 
4.006940 -0.864976 
4.213139 -0.286126 
1.984452 -1.086420 
1.678119 -0.299018 
4.381589 -0.012717 
1.702134 -0.546338 
3.359661 -1.220564 
2.943386 -1.472881 
4.157005 -0.307432 
2.084251 -0.842209 
2.483062 -1.203984 
2.543951 -1.213578 
4.184984 -0.903348 
1.799507 -0.449453 
2.575103 -1.426447 
3.514502 -1.094097 
3.006558 -1.326021 
1.795198 -0.500378 
3.429645 -1.209026 
1.881853 -0.517395 
2.207651 -1.140985 
2.589701 -1.276374 
2.666642 -1.253504 
2.188615 -1.260958 
2.774794 -1.461193 
3.282863 -1.378066 
4.356686 -0.171726 
2.336934 -1.254043 
4.262074 -0.414293 
1.622196 -0.044481 
4.382886 -0.166689 
3.247620 -1.153362 
4.202823 -0.592414 
2.693882 -1.243662 
2.672268 -1.211968 
2.289387 -0.957215 
2.156386 -1.037210 
4.021063 -0.879501 
4.047317 -0.812676 
2.971389 -1.201896 
3.102288 -1.371226 
3.222289 -1.321226 
2.079393 -1.058140 
3.119215 -1.371196 
4.197892 -0.769081 
4.283393 -0.728000 
4.238817 -0.674023 
1.827506 -0.442348 
1.912579 -0.602967 
1.766071 -0.132582 
1.954364 -0.690414 
1.828630 -0.556575 
3.718106 -1.142319 
3.768544 -0.954437 
4.310776 -0.149293 
4.178892 -0.146587 
3.190939 -1.271961 
2.114458 -1.182861 
4.291516 -0.100926 
3.448288 -1.386617 
1.805773 -0.060194 
4.335771 -0.634785 
3.339276 -1.454453 
3.327203 -1.350574 
3.769112 -1.268790 
3.270000 -1.199803 
1.801100 -0.862774 
4.150171 -0.298372 
4.427176 -0.147244 
4.273311 -0.510468 
3.749152 -0.938995 
4.166402 -0.279319 
2.622426 -1.402316 
1.951908 -0.927886 
3.914146 -0.774066 
1.589361 -0.159806 
4.141245 -0.315632 
1.735105 -0.352140 
4.334568 -0.380013 
2.944839 -1.265942 
3.681203 -1.224247 
2.567132 -1.239326 
2.097372 -1.156663 
2.194655 -1.065755 
1.783047 -0.074252 
2.465071 -1.268700 
4.246806 -0.143244 
3.300674 -1.135543 
1.792187 -0.483779 
3.454761 -1.265353 
2.544002 -1.145505 
3.967222 -0.633095 
3.157123 -1.262277 
2.580379 -1.104308 
3.212706 -1.353828 
2.874081 -1.358963 
2.901375 -1.366962 
1.692687 -0.093935 
3.282375 -1.305692 
3.136320 -1.399905 
3.573395 -1.376218 
1.901310 -0.741135 
2.808275 -1.452396 
1.848637 -0.898744 
4.158726 -0.351400 
4.353531 -0.473465 
3.895148 -0.952986 
2.542231 -1.290541 
3.864549 -1.172840 
1.728309 -0.220257 
1.645205 -0.142621 
2.613845 -1.416699 
1.513415 -0.064649 
4.451719 -0.062858 
1.859406 -0.199532 
3.398433 -1.333697 
1.784291 -0.429844 
2.292584 -1.249869 
1.551682 -0.364137 
2.150301 -1.068444 
1.701180 -0.430809 
4.052359 -0.953728 
3.771543 -0.941764 
1.586152 -0.154834 
2.306407 -1.115449 
4.412334 -0.043996 
3.461711 -1.301446 
3.263894 -1.414625 
4.248794 -0.344376 
3.516384 -1.314059 
2.717091 -1.255312 
1.725956 -0.186531 
3.136126 -1.406994 
2.342713 -1.174959 
3.487530 -1.376348 
3.030814 -1.366041 
3.528662 -1.335073 
2.482535 -1.153319 
4.168140 -0.093641 
2.442052 -1.102204 
1.571237 -0.391962 
3.975307 -0.851186 
2.190797 -1.129601 
3.317382 -1.293348 
2.959131 -1.348615 
2.238731 -1.207134 
2.985369 -1.197696 
3.881371 -1.100564 
2.749861 -1.374021 
2.018095 -0.655306 
3.398173 -1.283331 
4.048788 -0.485272 
2.145334 -1.135634 
3.729220 -1.095820 
4.035087 -0.724259 
3.857488 -0.902675 
3.975836 -1.005433 
2.471837 -1.205578 
2.469756 -1.330393 
3.975161 -1.118745 
2.117183 -1.179011 
4.058434 -0.469612 
3.015661 -1.425607 
3.945897 -0.727105 
2.862149 -1.162670 
2.433123 -1.382461 
4.145821 -0.350141 
4.283945 -0.013373 
3.977397 -0.962208 
1.698649 -0.517554 
4.036296 -0.659885 
4.312577 -0.703878 
4.053309 -1.028943 
4.173931 -0.368067 
2.579609 -1.406358 
3.495976 -1.173666 
3.532541 -1.291710 
4.209173 -0.456106 
4.278255 -0.419773 
2.501515 -1.414685 
2.868110 -1.419606 
3.662846 -0.944040 
3.541988 -1.366584 
4.368406 -0.178069 
3.756805 -0.891435 
3.965518 -0.852924 
2.425124 -1.132932 
2.996326 -1.288205 
1.955555 -0.933594 
3.881040 -1.172991 
3.958702 -0.719904 
3.486683 -1.141456 
2.955403 -1.366719 
3.378916 -1.303157 
4.152517 -0.375262 
3.751385 -1.043166 
3.284085 -1.345603 
2.294441 -0.929971 
3.936143 -0.714137 
2.572651 -1.400647 
1.602543 -0.259639 
2.611969 -1.288181 
4.257425 -0.587706 
4.131712 -0.978694 
1.859519 -0.928373 
1.844827 -0.521984 
2.223342 -1.092346 
3.064656 -1.271833 
2.334592 -1.015044 
4.235009 -0.696790 
4.167726 -0.496496 
2.908613 -1.313914 
4.204858 -0.081517 
2.112434 -0.756170 
2.380671 -1.083287 
1.816611 -0.151681 
4.182710 -0.406164 
2.538906 -1.111673 
1.763723 -0.103806 
2.172674 -1.012772 
2.825858 -1.272215 
1.965721 -0.507207 
1.766119 -0.333252 
1.799920 -0.346642 
2.452037 -1.214259 
4.083807 -0.683037 
3.175568 -1.260251 
3.575270 -1.233076 
4.219060 -0.217607 
3.299589 -1.369572 
3.026867 -1.320476 
1.807709 -0.889735 
1.759777 -0.452389 
4.242353 -0.373332 
1.920186 -0.622406 
4.199955 -0.175451 
1.804137 -0.179354 
2.159573 -1.200488 
2.176662 -1.066241 
1.778817 -0.164823 
4.443109 -0.021112 
3.787580 -1.265746 
1.825244 -0.737888 
2.008891 -1.089706 
2.753567 -1.335035 
2.041294 -0.770617 
2.709691 -1.425303 
1.642652 -0.302797 
2.664371 -1.298857 
2.340082 -1.243477 
1.841257 -0.551632 
4.118484 -0.944211 
4.074808 -0.902222 
3.576471 -1.208895 
4.271479 -0.172343 
2.622267 -1.438700 
3.224666 -1.267707 
4.111531 -0.480342 
1.706190 -0.022583 
1.818912 -0.355315 
3.705215 -1.235617 
3.538478 -1.395844 
1.826941 -0.698721 
2.256429 -1.152783 
3.943384 -0.892920 
2.466539 -1.117784 
1.995653 -0.941974 
1.902584 -0.917388 
1.635975 -0.603229 
4.217854 -0.478978 
1.742394 -0.664600 
1.871476 -0.480438 
3.080613 -1.217804 
4.326842 -0.591954 
3.206440 -1.459932 
4.259733 -0.240623 
2.712480 -1.405148 
3.792077 -0.890485 
1.859134 -0.505128 
4.226270 -0.049656 
4.425062 -0.292419 
4.247393 -0.096146 
1.940171 -0.544329 
1.843124 -0.628931 
4.266290 -0.699783 
1.762387 -0.808846 
2.258744 -0.921850 
2.412148 -1.183540 
3.108025 -1.368036 
1.816133 -0.516081 
3.975764 -1.041596 
4.193591 -0.668104 
1.830983 -0.257010 
4.070101 -0.963340 
1.904310 -0.734113 
1.568602 -0.176347 
2.082844 -0.838161 
2.086244 -1.022637 
4.203196 -0.416668 
4.008085 -0.850671 
4.238690 -0.342896 
4.372777 -0.164019 
3.797594 -0.955244 
1.665697 -0.168995 
1.687648 -0.050190 
4.002667 -0.605103 
2.638922 -1.145046 
3.353349 -1.284119 
3.097854 -1.365195 
2.023034 -0.776631 
3.540618 -1.221655 
1.806884 -0.334651 
3.817947 -0.998864 
1.731354 -0.790200 
3.707101 -0.913626 
1.715001 -0.769476 
2.480878 -1.401200 
3.196299 -1.323302 
4.027422 -0.986729 
2.816578 -1.235749 
2.464260 -1.043072 
4.246764 -0.390066 
2.883305 -1.272116 
2.791140 -1.454483 
1.553185 -0.028245 
3.661876 -1.171805 
2.023450 -1.025776 
1.836659 -0.028982 
4.366620 -0.407705 
2.583263 -1.270934 
2.951539 -1.357370 
3.966841 -0.700963 
1.808664 -0.059452 
4.187265 -0.232822 
3.951243 -0.786422 
2.723947 -1.340366 
2.073134 -0.705921 
4.323273 -0.437472 
2.913093 -1.451365 
1.714445 -0.581598 
3.635062 -0.993830 
3.764746 -0.908670 
3.970372 -0.663482 
3.952042 -1.050840 
4.374259 -0.519631 
4.095248 -0.802376 
4.145513 -0.361517 
3.264448 -1.238358 
3.993208 -0.651119 
3.945139 -1.122038 
3.845404 -0.876954 
4.411526 -0.429600 
2.753911 -1.242641 
2.723307 -1.144544 
3.822117 -1.086095 
3.355474 -1.360288 
1.807257 -0.180424 
3.179835 -1.168462 
4.176631 -0.514054 
3.146440 -1.322415 
3.410528 -1.380294 
4.113660 -0.929003 
3.750368 -1.084289 
1.666767 -0.608598 
4.245857 -0.273613 
2.628360 -1.181180 
3.727191 -0.893022 
4.364229 -0.372876 
2.677671 -1.188306 
4.281977 -0.141170 
1.535387 -0.087462 
3.038908 -1.151398 
3.786618 -0.956880 
1.580861 -0.191036 
3.951702 -1.154872 
1.745572 -0.729071 
3.386006 -1.109495 
1.830453 -0.129185 
4.290735 -0.365804 
2.150201 -1.164116 
2.354156 -1.155117 
1.859323 -0.415964 
1.607622 -0.056366 
4.174553 -0.832798 
1.537811 -0.058639 
3.689646 -0.995793 
1.591562 -0.084775 
3.883241 -0.852910 
1.750207 -0.765893 
3.870483 -1.215881 
3.206153 -1.198057 
4.206328 -0.540838 
3.106163 -1.368400 
4.091263 -0.805586 
1.692835 -0.417671 
4.253550 -0.199374 
1.642811 -0.228444 
1.965320 -0.833182 
1.916109 -0.761365 
2.209331 -0.959699 
1.680093 -0.376483 
3.285735 -1.313810 
4.348441 -0.250975 
3.348807 -1.348260 
4.300129 -0.526541 
4.150012 -0.255161 
4.277730 -0.761501 
1.726659 -0.752126 
2.767198 -1.199311 
4.045372 -1.025459 
3.267970 -1.179946 
1.863485 -0.296875 
4.114343 -0.299350 
3.608469 -1.280840 
1.937497 -0.829636 
3.059274 -1.308435 
3.708130 -1.142653 
1.844553 -0.126953 
2.030136 -1.083176 
3.267974 -1.468930 
3.087657 -1.167521 
2.393803 -1.119477 
3.016173 -1.163173 
3.640153 -0.968830 
2.655329 -1.377893 
1.772740 -0.221082 
3.397145 -1.300149 
4.412850 -0.336484 
1.811243 -0.276257 
1.645680 -0.149764 
3.956555 -0.722311 
2.023462 -0.782364 
3.941375 -0.917632 
3.088807 -1.450780 
3.027634 -1.370535 
1.919522 -0.878439 
1.952549 -0.767108 
3.091246 -1.260116 
2.247425 -1.291014 
2.683442 -1.200698 
1.755077 -0.406010 
3.621702 -1.267674 
1.993921 -0.594902 
4.116670 -0.328981 
2.360664 -1.284697 
3.204963 -1.178773 
2.072477 -0.761424 
1.819282 -0.438657 
4.331218 -0.272325 
2.382774 -1.109116 
4.352414 -0.370293 
2.306262 -1.049870 
4.427746 -0.456738 
1.558053 -0.308575 
3.204404 -1.363184 
3.718501 -1.004904 
3.442485 -1.241378 
2.213873 -0.848249 
3.634775 -1.174190 
4.358206 -0.036860 
4.265014 -0.232126 
3.645882 -1.300367 
3.246011 -1.446231 
3.852436 -0.878957 
3.039227 -1.354756 
3.363997 -1.316928 
2.362217 -1.327172 
3.734106 -1.092916 
2.537063 -1.158549 
3.360990 -1.173703 
4.466124 -0.125544 
1.766788 -0.761838 
4.395818 -0.267460 
2.439517 -1.227906 
4.278829 -0.039786 
3.500418 -1.259814 
4.004867 -1.021210 
1.524963 -0.018757 
3.301668 -1.358395 
2.000878 -0.707969 
1.597365 -0.204053 
1.629516 -0.149910 
4.386759 -0.316930 
2.698400 -1.123607 
2.393054 -0.988964 
4.149916 -0.279613 
4.112614 -0.407390 
3.856348 -1.127527 
4.189183 -0.895996 
3.791205 -0.892338 
2.860247 -1.490476 
2.764168 -1.352351 
2.523443 -1.190218 
1.934492 -0.474396 
3.597955 -1.088428 
4.243088 -0.337884 
